453211
646449
547485
237387
304086
268324
262646
183089
217438
866483
321316
279064
941281
806934
67029
348826
427496
838370
130603
724080
995298
754912
730028
824557
56399
344013
927778
148753
894213
354973
390989
601440
470439
153810
788530
456524
843956
392455
544406
640195
938854
324700
999791
87286
791638
235849
274602
535400
161372
403335
746929
790269
619919
641744
286721
85631
726734
107692
35359
783880
995440
216218
435465
24911
772428
535457
539416
659532
925319
425281
921127
98820
734839
317021
311782
824049
559424
146941
667407
8671
620849
664469
660799
103871
977998
340124
130602
859322
92894
493378
140599
304514
653790
587135
435311
690985
99998
41143
172229
458364
559531
390695
393818
59401
89842
938819
854371
31619
996729
822444
755180
895470
733010
865304
867192
866371
110663
25287
458977
906278
182424
26371
63517
926828
471520
940689
879447
167946
520985
365554
162824
680594
477934
553142
426548
215655
267310
976160
840397
571173
696809
58564
77955
795791
493643
439117
140150
123843
604302
588371
375139
475004
112938
603655
473219
680248
317158
845868
903492
336866
92723
778772
107916
577812
363938
851126
549030
614126
624287
670354
509394
593940
958828
460728
45987
900572
799624
808976
642739
230577
106132
683905
35273
292210
810281
172874
849051
142678
682267
613389
313316
887725
160702
611691
856302
316254
169058
323825
474919
982005
720043
429252
274206
794729
7152
28529
525553
156857
174133
626388
732386
633079
975904
184005
46337
341796
532484
296778
470971
301866
559486
726934
597374
290185
117648
566198
69465
416761
660555
834948
773346
108183
272708
926272
572416
564828
273636
292459
205409
780068
137873
996782
95103
635058
853049
518853
935216
595990
576955
745406
687660
872410
168503
11404
801881
370457
518758
847952
887675
560173
994844
585214
425308
88400
739114
14313
593576
286098
319637
274719
168798
782864
303766
205796
485880
559402
741655
951822
433159
595365
752722
637472
69430
243822
666951
176474
370528
825441
845175
375781
228943
430825
366019
224933
726199
979802
219530
565001
261640
451516
687211
511171
423433
333512
433529
237328
749483
68157
415473
180792
920684
510369
956552
310242
563417
833456
352321
698920
279106
89271
832607
966159
549389
18161
492942
900326
776053
158479
234678
216317
109065
596501
318674
871198
418075
896928
819108
563107
421015
336849
995591
911213
765177
450386
795397
743978
854610
346002
639454
458370
94935
430341
262204
720733
520900
23542
180202
379906
640615
900801
857942
817384
155215
126803
783484
254485
475909
692644
130568
438169
8533
205233
330990
10846
530245
106549
623072
846299
475790
208633
309363
917620
83211
768913
907555
368723
188123
38978
353166
476913
944809
994229
919454
111123
591620
795169
293801
75921
558928
616702
441289
371715
716297
210768
695669
587777
605091
626002
935823
884597
613827
268623
511365
867936
606058
983598
612630
420210
26132
979160
53190
82043
378946
294463
837468
976666
41359
649274
230734
164891
354181
79603
887243
916786
387448
843624
491836
749248
622622
948570
186486
919458
14697
226638
967128
931796
598937
352505
97561
797096
584242
333856
995098
536246
830863
990058
660137
442048
988281
743140
397701
300549
543074
359193
650568
692686
249938
722600
304305
684096
654608
873344
390322
642861
481718
238638
936174
539414
156796
864572
250915
600942
429386
288693
885544
213482
743979
772714
440786
658801
194072
68887
807835
603119
116000
226625
396035
106031
663026
571210
877525
227269
660852
954162
799107
577745
950455
139193
511170
76588
656417
768609
812084
370052
425868
506691
476522
54968
717181
466933
686865
283863
408386
574847
752501
864881
137473
90084
633053
391211
614529
211263
449511
700205
168793
500409
74142
369527
460283
217712
285511
835393
86086
649163
226351
815882
95587
749379
884457
911035
114752
805913
913021
416845
757682
111116
55495
694768
889658
791588
158209
110681
242272
10481
806338
963092
157805
926494
845284
983535
592346
967070
13085
41563
360440
248770
109802
152242
960778
924218
665954
390757
274313
947871
839026
909505
558484
221689
683334
161762
905818
336650
358735
641254
515658
835749
803447
154743
90880
226780
860936
851951
727157
249096
241132
114168
795610
988587
660679
212731
556271
26435
780892
242492
975928
718502
430515
951403
564152
891240
26951
644156
404888
349243
810640
925706
22622
729497
323591
36833
231878
578300
446085
344849
947275
663238
31214
107045
64465
235901
867593
330104
781568
601776
997414
363252
651825
814044
365013
489947
475088
722738
781878
873657
874538
917105
879673
968989
41222
509885
579511
574831
194853
442461
279712
21168
775326
88616
293348
20073
785252
53475
680940
143445
541918
952167
529922
209393
107658
222388
559685
399300
649909
595753
791622
498207
586504
866958
452645
593705
68215
746708
183479
130696
950437
334172
455882
937228
378523
929020
842999
402822
860275
489449
365735
915841
354324
722139
205731
961099
220718
641092
56255
15522
806677
808007
505859
92160
184102
253345
483073
484057
321851
693949
474564
362827
233960
153976
833633
272399
559867
40043
393221
203103
258577
282524
966308
750892
86655
390923
329749
570013
854372
187086
370102
510734
332846
852200
757515
330722
464167
332546
606101
140252
20858
634051
487571
469931
313477
199958
156975
869619
486930
491523
863658
30108
828061
495684
314645
216581
893241
314636
202480
178249
772309
644241
863233
495540
327043
562713
226909
429681
774420
765842
395861
380466
578907
54208
68083
977146
172679
457850
761188
31257
262204
683480
859695
932893
959976
71598
867683
967370
371076
404804
234705
444639
419777
789816
179773
941265
616406
421140
252182
96089
485317
786978
362356
376643
159116
462652
929458
744650
430914
962152
138377
30278
921067
102660
789336
519961
50668
922434
398246
916916
955981
80260
673694
376892
982845
290952
373903
489860
887397
464511
787701
224904
243555
504447
376112
220523
452715
297153
216370
826321
762500
267867
149570
898080
959981
447253
189703
536170
674474
576383
766211
334698
823438
722521
703662
201046
106105
411902
942857
90382
924122
702572
67786
35089
481585
929711
854133
165001
532377
702845
271968
688610
551622
674174
88023
803608
902445
933116
603411
141839
928704
566560
551874
664801
102463
549021
945047
941789
362133
751529
800573
892484
206297
375570
598000
112082
104524
664734
152466
460358
238921
86449
883410
778511
992022
870347
677820
327322
941264
127499
512000
48484
162952
948151
682550
746139
963235
132401
599253
272393
953213
401818
636852
453541
583818
127896
531515
96414
644765
276820
782065
165699
349793
445337
411116
707107
653621
337709
28009
378300
55640
616121
217209
354724
793714
228415
157871
784475
325841
591425
915413
851343
874440
738576
50914
595954
77957
602661
527497
149732
865189
317538
101170
56394
41368
787538
709891
926682
969111
321376
29782
17446
808458
606037
787925
469722
85926
606954
849475
326616
392677
15189
139579
817515
205637
991706
105665
859188
77938
130435
127204
862880
428621
731047
351020
359121
247832
331045
543675
582524
32100
224149
216782
102313
528301
681783
710365
670076
610810
377291
146222
34891
552597
265676
625545
919895
173009
702567
944367
642333
153869
57700
710323
937792
565646
969614
522319
723392
357497
793962
846188
366287
250953
973484
997546
321371
446749
183822
449083
226232
367893
760016
927534
581519
568710
967430
829480
106572
921999
637568
932384
278527
380264
940878
806458
564547
627990
726230
638706
61332
301110
588788
32967
225846
52280
880329
240371
21004
964111
695773
191957
313120
775747
831084
723521
605827
51785
478490
568756
737936
703176
96292
459554
486642
294528
773973
311464
987993
755156
261155
164797
757506
552334
714857
492879
506845
186287
688989
713263
166630
289807
330093
947362
238632
76886
221430
745534
405039
984176
206782
173958
95882
12284
290805
274207
823985
142872
660018
196075
12565
822505
712995
681942
136265
891994
304389
748054
255069
420460
331997
204302
81829
63336
656937
242462
561943
403886
830637
67105
692058
687577
865468
747384
998371
7965
38290
584289
775824
690091
212563
968172
76967
313509
537671
207012
139656
74248
324962
378964
420581
847012
330482
764057
860573
817688
490588
370483
857651
532979
569428
287783
463750
474455
613774
29727
652174
46551
333532
181172
688650
125341
295611
273537
700028
672852
300099
89453
957469
289232
690568
246047
537495
340265
793965
115746
867467
981003
958528
512362
654250
946760
407163
15518
102630
955817
445454
262395
801269
808180
197646
555034
332511
998800
120942
70326
281356
1448
985772
286084
752950
736486
175133
849420
219393
766354
884941
553758
84121
166440
751284
848710
511285
735847
741886
965894
34543
599571
497909
719769
251761
140279
104999
235675
124310
76218
705322
707736
752182
731343
952504
817162
620401
163041
834036
205705
989708
64361
749305
701245
362782
793969
364145
645640
438933
373465
990062
146025
709311
30546
376996
746336
640719
658729
406787
476796
718624
307803
793370
630016
410178
125877
508650
718581
64546
228474
246348
276356
137900
564970
743647
597258
149928
317266
13108
758775
228010
631609
570684
712096
984980
966600
32947
894309
203729
113721
513772
87925
878398
838951
321468
723639
781925
629699
961015
642266
888542
957725
731081
8634
110833
847268
204043
51033
630106
177533
96404
367194
137492
428985
874542
664063
275013
2092
841643
611059
415753
390085
783245
421533
597148
111633
828169
23155
138451
4583
143614
873671
113276
798408
661530
464867
349751
862286
633201
995034
897317
484431
582131
30627
662986
254169
152522
551008
423793
989267
301357
505370
931569
744427
577088
799221
998572
742016
610083
559631
16787
419054
422567
622831
869835
961722
315125
227754
442064
595547
105342
36942
814147
881779
157551
138744
437887
862066
955366
780349
790350
839884
51300
604862
879169
220488
934607
289795
696096
905260
134636
761193
924116
313438
653009
501527
583640
17889
968919
311359
877525
825219
397374
580988
898863
694380
919620
986738
232338
316563
295313
650517
472556
85935
351545
202640
23065
84471
182139
248406
939554
40659
129124
304804
903003
540123
214173
317072
142232
356336
167127
88377
482717
500108
227028
578631
366730
554843
897446
470860
781481
346336
332270
425006
457524
143324
396809
43877
127603
324792
863576
890813
81438
767167
630364
987642
870127
649999
459612
266316
438575
647684
666500
912623
412555
819799
685246
551669
947369
419651
88439
17698
943913
843752
793753
774615
626129
94871
83093
633037
645960
934644
893859
432377
457611
336984
441182
691908
736618
105846
722563
733350
215744
787731
438145
689404
174595
634328
443765
154291
951958
673022
556843
186905
28727
318908
954178
835823
235246
854190
685703
414116
671853
690703
738554
69406
551863
121275
188214
147423
242299
380187
155791
925654
948294
360469
487751
28301
339821
106213
368636
35327
964686
895709
846979
568389
902594
472826
779668
814996
431928
461078
836967
27758
333462
328924
314883
123318
151155
245348
237687
242540
90510
501363
546495
390115
490991
674284
530430
852373
973208
253407
130979
737453
246357
306216
796304
879985
542229
476537
504780
474038
672488
785413
198742
312132
354909
168081
551909
379044
131426
861411
759781
786506
278966
334434
886116
543887
804683
382604
666021
594243
521711
412618
185562
447318
504487
191405
765567
242527
991165
19476
184467
238485
104054
852293
271727
456717
324442
920799
673563
989380
249351
158508
283531
189605
122757
811857
479257
72309
633716
565564
774841
203922
657584
207619
337726
51338
759097
441765
542934
718336
135376
210068
798725
281017
419832
178197
277849
509514
707805
732426
499587
727940
269746
524031
467184
511576
936591
660111
254980
160512
630263
961476
965822
223017
955547
537378
916913
695338
173566
291995
610683
756730
65570
706639
455166
190804
879163
426258
779577
551932
923572
800197
934753
830589
979662
661809
834406
705563
325766
468160
901199
279285
591362
803939
992962
338149
714651
969235
383524
247606
825570
293485
818043
395786
180776
498043
370176
734307
87174
579421
516970
174770
331143
535692
312101
275392
319657
368844
52402
337388
33005
913904
97667
462184
48005
613991
678418
258275
596301
502096
330454
266260
98728
200877
305079
925498
639968
787974
769862
8844
123274
6891
991660
603377
791324
733495
785029
981445
379740
115298
711297
667596
153867
421319
488833
75870
35422
913038
431860
782319
415685
675572
654736
862488
949128
125898
80803
491780
345094
727337
722769
367597
818334
412790
810654
290544
852501
300100
668156
135166
992429
414004
80221
283808
557263
510313
48299
158293
145751
761079
33288
54778
948958
54482
258586
406560
658530
422616
387048
132294
130125
378436
171754
416396
491181
457130
365370
677479
907089
699938
593058
189490
389782
182514
376068
121133
421294
374592
913866
167431
973078
156560
720180
481929
248291
994411
856632
69058
22573
405657
960941
931437
829562
602506
107675
405408
396994
433270
514440
1479
954079
342077
782007
603944
590106
981187
687125
80723
323043
205828
408403
808784
340931
257103
59582
688267
426480
532363
555646
834596
871464
506095
148593
488284
544864
825496
818025
363573
756204
783047
37395
654296
652380
85733
475706
826927
186066
923065
715215
635123
898944
952653
245020
950782
296796
255726
377402
514325
784270
67383
557216
873418
640337
420722
509612
288831
966378
967802
569866
502526
138045
742340
176322
601545
982277
315920
233105
301178
925155
129681
46338
894055
650961
53741
853287
681739
310983
968201
442058
810075
46935
164391
890112
72772
373889
578740
864140
867304
943052
143865
534440
812290
875891
226949
150887
706435
736510
801733
5507
986016
250714
299938
677078
963064
980853
336336
136796
982382
568868
461355
195125
370502
14216
32373
389878
549333
550135
535214
911438
859843
594182
326036
212260
127820
17595
211117
913285
333829
853413
501353
542169
694597
651592
286592
63519
493100
450067
791369
392416
752286
604501
745624
787014
522374
937923
112984
400701
306017
905181
397783
806796
743276
174300
774672
186606
111695
975190
285679
997696
599997
535821
8560
597251
242087
953903
413053
775524
882879
530300
134623
642562
792194
901562
990507
479024
694732
850089
151410
411352
936112
113013
104484
429935
289180
656727
433040
358456
998371
221076
634532
240687
275766
109723
159486
353200
696194
736533
246910
524722
789090
162967
775009
111154
948198
15921
122412
755307
928689
986711
170046
261083
119547
390286
953167
126688
772885
580947
812049
967810
762320
19170
53928
269627
224669
469794
261290
498838
750794
81414
365961
677271
218509
825082
579880
282244
242622
26018
32014
422364
693355
873134
954996
789902
309639
206338
831908
520963
146128
146807
497272
995776
244168
509958
825531
582799
277031
188642
678446
672579
554767
639358
284348
197113
114197
885048
482956
513178
722745
930453
927660
149833
803804
639336
954278
52936
1198
111998
789050
962161
830401
552090
314987
88340
347169
814044
326958
196646
305609
718417
352303
686699
917702
132151
642954
112364
600407
795007
463812
7382
838137
546567
21939
411061
813909
627957
678753
281382
960701
483652
334002
24330
289703
154596
954049
744507
356956
899275
152622
306145
833284
635491
167361
602233
668822
403655
136263
480545
438753
316460
477816
254919
901654
158598
354478
13232
744579
548969
576647
687694
328948
240056
736413
142227
336123
665181
948276
349837
576999
961932
247729
878211
518059
972910
853872
130993
330071
726703
972831
125493
364137
757277
278508
347837
815983
657525
255905
440332
101800
174593
158652
737087
571338
18008
112449
263314
705993
421121
450887
634149
502168
94542
241131
637935
94921
693848
401608
765398
633553
156657
922026
363525
530447
312471
794491
505327
236604
736426
238490
974544
348457
846212
714403
314640
31396
468933
970745
981843
877731
610684
972671
363481
853054
563617
361976
237955
4322
419420
241200
598229
835617
209880
178803
447756
446938
191717
33851
989395
57239
481634
55422
850604
481335
223160
47181
602634
425727
351229
197858
859262
431397
946140
422147
272210
894257
543441
47995
653147
711226
792075
412278
32009
964884
272567
317023
433249
29181
476976
237638
892651
462495
972471
860047
30818
310258
653386
499377
682743
558512
503624
371410
720615
833396
700748
102435
424671
271307
448629
371519
410812
981581
434472
198473
497654
105891
824200
42128
188512
772228
522216
718192
390945
533345
607430
698206
276410
767788
414832
426832
939925
153379
934882
571585
904489
832914
89832
508649
998373
629496
586137
544417
449037
513206
903198
759580
777914
196474
454021
901644
761458
807504
753796
324661
574931
916106
569759
918007
611556
767461
70879
669804
399077
938823
251432
244994
946916
937014
205395
697313
259109
346373
897193
377405
203888
429954
466801
303377
724241
23335
115401
137480
409775
637560
680849
576795
173950
679624
999715
469710
337683
940105
640773
817717
757224
29503
702153
671871
619746
218468
704430
942502
305262
786476
925650
27692
728090
529167
230502
201039
874286
345733
802449
418142
620496
960581
732769
669018
447581
986648
798930
621725
953429
466223
573069
270400
908578
588643
726251
21427
883405
493649
274715
332999
273624
207203
152136
922832
855960
673901
261015
493483
820088
990191
331005
375602
136942
224572
859892
12018
436762
323682
882059
167614
364731
803126
752806
270519
680540
602064
682153
944823
523827
546943
305940
91686
788304
837142
375788
371639
532497
236477
135531
600629
202572
125680
319907
804520
882289
732542
571059
54639
649621
652104
307244
734434
151396
143621
447757
543336
9372
403368
479133
292394
116410
237765
141062
609131
158168
271872
221478
966133
685866
170753
920536
735087
122588
64661
205580
775910
248994
890564
798919
864768
885019
840231
825014
647906
428023
824186
540173
777175
155064
467634
187857
642938
175448
95858
688011
407631
161589
400623
888640
781310
21952
429420
90204
379546
630132
445964
736621
333945
651595
999391
901604
480280
979248
204955
975440
30363
521494
782168
230670
791395
964256
532493
424361
885840
492224
760108
593683
324542
757898
817193
95192
657794
738178
634311
152583
747431
76402
818158
890392
813316
890153
43601
362380
17451
331517
28749
958720
226207
734060
954983
513067
296578
871984
845415
913929
542848
157527
104487
894223
345283
828609
829560
889126
595229
746590
322666
688872
184368
179111
130148
346562
837823
191536
592362
560671
237700
475128
735774
624986
44321
999277
432710
953266
825545
720814
319790
53521
199546
2228
905018
122765
278899
610753
407707
770969
916755
704500
974903
374362
102520
861234
158328
827084
743807
936111
436793
979838
264738
703927
93649
121989
574729
921343
603159
138276
406816
994062
158118
222134
976525
292710
272483
725312
262697
659912
49400
304856
52522
664094
873901
771968
67727
860075
940596
164081
11723
448850
979122
411956
590691
660949
907735
232491
676429
647589
27774
708899
977283
1218
286222
991668
941779
803998
45052
144367
262200
420679
304074
422085
58507
341120
534674
228903
942067
202637
935044
133637
787720
224735
781918
106108
631058
106728
128779
881845
195046
524256
834970
822426
58121
271628
840149
117486
223836
903362
140187
26180
67201
702906
336443
571994
440834
259266
109412
305615
159525
969007
274368
651801
836920
495576
286555
108245
877049
458367
724293
399761
373523
859583
89996
281824
665266
957644
419220
545861
747138
412291
859029
126616
479013
268066
794755
897666
604567
107860
1680
992604
203861
468491
406628
78833
351287
96659
411223
560849
238460
393120
494239
565349
647766
684139
31119
38777
133494
875378
998325
458313
849375
390539
837282
18450
389154
592897
64588
517386
141231
29051
425273
25309
750863
732252
750485
595890
626253
471767
275122
350965
555446
840764
501203
464588
819839
419141
361466
962297
654471
108594
530331
708707
704561
17436
192616
347491
758022
669359
404749
33417
7492
387518
405922
539318
528334
761027
988403
829210
535060
766221
162666
26123
318795
641603
242235
899883
854895
706609
256207
14518
811898
917246
492274
125112
408892
766570
680945
781978
334468
521942
860642
356962
294134
961934
291712
434640
359019
674680
802279
46518
932164
911521
616818
986578
470285
799119
209624
373529
111292
112832
903214
178426
28934
395994
975788
527876
830896
178435
584722
805933
946428
371444
478314
743931
918075
539939
562374
321379
615271
18468
146318
552153
577949
389134
401878
405184
462441
514277
511429
259237
840322
556068
360060
219668
300252
888251
107543
45434
222745
547015
605571
902903
382672
542853
817432
473794
71900
604309
966989
866782
447857
22332
352440
997016
814073
344700
417257
778083
272994
282905
134455
369397
567629
910109
637667
648383
394736
238084
601910
327998
468935
107155
957071
559452
428368
761857
734055
786943
90790
428127
794609
847911
746033
170200
528282
532646
728062
171952
158365
919769
992850
775264
876123
339958
679142
668136
867974
798827
607664
396873
564039
988755
284646
112085
8428
240806
337304
133378
619537
270177
579028
94975
286444
664993
162308
145827
413862
798260
408280
974714
222296
158633
295665
46019
278281
920741
210740
515725
942023
94950
636946
820204
23883
781316
852953
176809
22575
136331
912885
947864
347470
478881
81165
109421
885864
6386
230360
800554
240510
712512
85646
976362
702723
206201
427869
401110
891563
188148
851057
384345
603712
923851
832328
687197
444774
191659
764605
896361
494756
939694
895157
409746
277585
204797
901131
765648
50357
863231
284461
171265
1464
239570
934982
377468
591545
88464
480907
232326
482490
471450
682932
657698
295056
793084
712019
159172
792087
124709
831893
620906
472507
206434
505573
648501
167896
37000
780057
96590
476745
401264
847182
356101
961617
711582
18267
275168
471312
361043
95049
266995
620814
488036
482290
36752
160883
597635
291941
853469
729022
205285
413967
61318
533595
469331
849509
177631
267256
394788
198134
33900
921986
101106
466336
657332
33879
170920
861883
529319
612312
818624
911469
178641
280513
824594
246268
582496
939502
44877
804041
588765
999715
167328
125956
569499
474124
443346
981897
843590
414962
426148
694784
594518
947209
373022
2717
550033
647472
112371
931991
931596
82853
584775
267938
542168
62637
679938
472761
746254
411936
507427
998287
435918
651063
276904
721402
169522
175102
590963
558528
291177
393919
734023
29508
788144
703943
832411
707948
558143
911860
943259
184215
896377
915785
844833
16983
146788
459543
974548
670341
187750
814403
9727
943321
440059
305220
307841
147693
454711
487131
75898
556569
207146
997941
45774
427267
994233
768257
419951
782617
258993
947579
154691
538891
7842
573239
211761
461775
322101
409909
296857
619484
924015
297482
522501
305775
367258
24781
898994
547205
77037
933107
492685
306121
140085
155294
823428
589738
773903
110531
906581
889745
454718
646490
150296
926611
502788
489725
579335
127062
304749
904010
685436
239988
33594
903532
892780
648144
207701
354637
854374
857705
254587
613271
308618
143077
845309
591359
950398
701764
491024
786153
66912
39241
163978
287223
495764
916344
892045
233094
113061
325190
824390
298174
904500
969846
518348
210500
524520
886753
58954
776094
779996
645348
420372
538060
785179
379875
281471
908060
830429
285881
884928
358137
53100
412074
344872
765812
444944
289655
154340
563239
978337
861642
774224
950903
158189
261493
432622
681143
507098
817457
337976
163288
722908
213793
150665
231731
946154
505051
353724
715460
117749
497514
175236
278639
537655
383084
57758
190410
939712
364148
900566
878228
990953
300960
14978
319698
878309
959222
355262
408896
944012
514867
434529
248236
756562
576879
663685
334661
328211
201007
201694
567606
17768
119342
336488
572405
828651
171447
45184
507468
16767
339057
667733
130561
269322
16667
155175
964995
781373
79537
625517
143457
820542
864137
665148
92497
63948
652560
248679
685348
460191
30452
166244
461958
298495
489154
775245
591167
931184
787037
342811
262259
775856
234803
970297
158326
588890
784762
462507
894386
936878
556186
644940
23044
824826
678101
185737
631117
987666
317312
22716
227679
432573
261234
115676
584332
830183
376320
787450
523415
36119
459405
359721
653379
616415
692540
43241
491830
147193
631696
248972
705865
386196
754522
89029
539476
734686
883256
775519
939156
874148
432683
142271
863175
291796
879080
796385
591546
303615
515686
704782
299108
35700
595068
139268
86718
47054
509888
903735
398891
798734
307857
621441
500732
126629
909504
571374
515577
523707
150821
159118
3478
854008
668135
293668
968609
54357
498354
971347
755803
206636
420440
840265
731635
221613
493238
453258
747908
816166
287168
319667
633253
766946
631611
600927
362852
562718
18080
98487
312360
389480
518383
468911
911599
423756
723270
294940
147296
380972
177075
440490
357499
591618
440341
967971
517670
412773
409842
71133
924682
282388
446680
362232
72681
393116
507472
389963
793593
755436
11186
507607
999324
739696
917165
151446
375596
45243
743628
314646
943457
161280
477660
154653
26248
467324
280416
202616
810448
420534
444149
756219
333458
527069
175847
771026
589255
461418
942974
971009
585832
718183
626477
285225
562083
752300
670538
116709
137784
210316
129734
985777
455498
405708
669637
557290
839527
270091
674515
909574
658188
963688
137166
94632
661292
383565
958122
82687
86191
77315
783786
175768
70720
702869
791087
3086
300259
40329
365903
865494
901372
971202
323457
587246
424308
84077
994176
473474
801317
892999
933342
987442
551982
245339
755644
258248
956048
733158
658907
652386
779867
534731
915014
659846
662679
10214
920285
133862
56041
254015
840169
409206
444793
971589
682869
604462
433701
14372
935866
441903
496602
781693
735505
573691
353264
893507
175502
943535
607527
594417
482438
831811
180106
718128
39660
537209
444609
680914
207539
882638
313333
834707
925950
678183
730516
775482
344478
345633
797394
245938
260578
76483
48960
545649
312894
821865
691952
572110
310127
93352
240905
902507
761796
727887
395254
3007
479862
42301
168310
240476
74838
56266
467105
659666
285086
77264
321479
777712
766149
690322
560127
200493
200984
91270
86978
378248
164668
234628
303710
407937
433309
570838
578993
497897
656984
10457
479333
694671
900487
235910
819896
154483
646702
95049
526856
322521
432267
683895
567621
499746
198087
973540
828186
894756
840959
626334
9887
789779
348980
760941
294925
310113
234698
531247
168867
869614
323666
219869
841903
700399
664426
887424
469391
369181
780140
821365
704815
509258
773313
614419
190465
459616
480620
439643
263773
204806
138355
291884
546209
593471
465906
50729
151096
446152
878522
31972
290765
127943
344644
611105
300638
534210
314987
292480
247893
33011
196517
440947
343073
751229
764620
882005
905960
212626
635743
62911
758667
445679
962257
737711
174570
649442
822404
769743
372333
492009
187075
245861
780599
214525
782244
972112
336746
723899
320566
626512
271974
113198
386022
204937
719378
197739
791292
974128
245207
276797
753974
230359
366680
433315
523388
156747
889810
324958
468649
534763
447023
59793
181224
670508
771621
644870
927919
599104
318611
889141
201915
863015
827417
831769
451590
853058
988691
159264
641508
470274
568122
269084
849220
827316
320435
516468
353377
90567
850262
547954
63590
961572
805859
521487
694043
492896
90613
486039
492506
859529
896445
85074
600152
921802
603843
631018
298119
24679
732854
334595
982309
517990
30200
601470
582023
24429
285468
387086
777459
688359
47927
322884
563447
147205
463664
932032
929487
19666
806339
825369
720921
517374
860744
395943
998454
946271
808866
380122
784301
432452
364864
239447
557198
351081
410398
657172
880288
571786
736627
583050
78514
973130
645208
226715
556467
20268
547477
534844
122890
266586
639381
828292
561261
214436
114310
161867
550654
373109
800794
467270
937522
382915
633381
317378
110807
886611
301584
942221
703571
217624
687660
361412
271727
846464
136618
818321
908382
336814
407085
290813
382608
826727
444173
786460
110167
48788
117520
273134
530384
512933
863543
120937
413392
933302
478682
137241
249270
965381
785688
396281
74311
227744
360643
964132
741791
450542
785481
379547
305235
42580
772620
34109
885231
494039
860522
911366
595996
600964
119814
312579
746276
330464
508109
990281
279842
256931
96316
358692
167856
214769
896829
878542
420936
88663
804080
499953
973124
517685
79816
73668
422551
364618
82128
771949
949166
34188
175499
772327
381883
26931
574656
117286
771113
778770
804156
330652
818544
990077
224565
83065
89295
130929
44487
453377
695093
258816
791749
200993
429398
615458
439203
792678
163734
154960
660128
251116
557163
697996
474249
366034
803658
900596
327142
273639
582256
142350
756617
737850
438128
303249
433911
663651
815025
84033
539273
385241
381953
940961
122941
383770
878645
143256
811411
190320
536532
244255
389454
322181
540118
114780
392709
836827
501834
558997
29173
141897
660130
477149
785837
888224
903936
693847
355558
579428
268210
764476
403873
509292
47962
110654
965517
698899
225860
477827
94778
187688
862992
377805
523908
378388
770461
656678
369240
947660
918830
505397
789293
462138
594215
217389
238029
788734
839015
724887
859057
335452
962977
962500
459782
247917
319721
1306
793044
679802
71244
50111
603485
128365
749953
699050
928084
889612
473968
282079
900194
789129
729161
650351
91609
564076
604576
264569
107059
676035
412566
968817
418788
624039
220670
630451
203103
483568
442269
584476
138290
518262
424113
862610
160000
590653
527880
380136
451115
82732
39281
229243
30081
924655
293519
128993
731148
312132
515661
247379
594995
909276
8657
478170
283831
264486
76982
301549
330345
986907
69530
53892
144289
562402
227891
738756
141357
327633
799963
870932
704276
747698
560260
510091
248542
727116
270142
221097
72643
800903
588794
69615
814215
243107
441995
657228
435541
950279
168240
912087
471821
980079
431641
732507
215344
557535
404946
185736
14885
70109
313830
806096
258603
68247
361343
790671
12281
636952
571211
149454
624658
253321
842559
792728
240960
171625
589827
262356
213684
322228
674821
545842
157506
487157
921357
934969
69022
48996
21058
594948
969979
25409
234234
875075
636021
75272
888429
467612
743600
341560
421253
603218
529166
829160
597491
373555
539035
765780
580332
505001
267941
783497
981494
256137
516785
672709
188268
988087
554757
545052
379582
157899
343995
959515
380585
958478
308365
192087
109959
707774
565267
371775
474890
87911
114221
442569
14299
842075
61771
334920
777393
946105
512552
556799
872696
293572
966310
423020
727665
847183
546979
979452
165722
684985
362851
422043
205210
944690
85166
943894
290974
206834
819908
441548
174050
694731
81228
666973
546462
404664
626125
905455
650446
276145
416096
446775
619410
159592
129028
532976
768444
433617
993265
27914
18648
937464
884695
672531
925695
548525
690761
713972
249064
770893
588003
659344
90097
562821
282085
742080
609925
191791
20255
935373
815422
283050
95452
931782
47039
107237
317990
467510
499433
311718
589258
424996
30297
653210
147586
143894
71056
663908
673034
160118
453730
428956
554389
306039
438862
726151
754879
50138
373064
865991
528451
222546
289037
279824
117096
353852
661028
997712
642189
84292
96380
101610
502018
94128
343339
573692
726067
408751
36200
250755
145536
846884
141424
363003
803808
815337
15238
593589
648966
277047
229014
513767
970871
820929
471257
25613
341846
922369
765332
163063
179777
164593
616064
485482
313088
494279
948531
950248
874855
699136
559587
421563
288445
523651
159852
787189
625369
237995
279665
402492
574889
793118
777031
919098
959426
792672
279662
813448
220740
304671
555207
477745
540824
897692
93406
52839
949713
380864
334468
909044
641222
342488
783283
337676
297643
552470
822387
774743
239065
837263
621264
421269
39409
622860
171277
715669
461133
774906
61867
987333
186601
772567
658502
820199
857406
532630
45446
642655
15944
309516
221907
159881
639274
790013
685485
359362
335394
292761
216133
869316
618724
133899
34674
397111
549944
588126
225814
38602
220708
326865
782387
168372
696216
101512
222748
866629
649745
719820
426590
759344
481807
48568
382200
466775
642372
738150
202614
715450
264609
677023
379927
174093
834875
693151
762213
507271
540505
198157
872150
449965
894595
580735
224764
923844
120570
947238
281241
692464
92066
146207
25930
752948
8406
736945
265002
216663
267173
174323
148371
53155
614169
974840
359744
970938
569244
141481
608382
548678
133996
595137
659562
614031
470325
406413
907885
724550
643109
807968
781312
19384
934452
183334
349574
224080
16643
215777
785710
951071
139279
786457
885731
85674
179881
701858
508595
250988
687250
720883
777403
802427
236084
39944
600690
444710
276546
153859
967376
241664
191963
743837
12327
333793
845646
29776
204919
733206
820716
754714
987461
421151
640699
128964
772691
807818
506216
878734
645679
471952
398524
474559
286298
463307
926559
436625
190285
81968
258389
697396
666076
785053
966350
468031
190761
976201
278594
387850
697519
824521
752766
572002
812520
435446
399498
205119
485282
642031
478824
25710
204042
897010
943619
311863
113590
644293
13261
242668
427967
332650
783132
939185
712055
20570
229234
627358
854573
181435
894589
526162
202617
401011
707328
588376
684067
684407
435737
426689
73704
914364
411956
922585
6193
969928
939374
767669
531408
206940
195485
887793
903781
423134
951954
640750
750588
57086
277312
112218
669712
311640
619249
140491
138654
733878
987871
80960
669051
661575
728391
323720
580729
27498
451792
138565
226086
812450
250853
223831
71209
199093
301903
676834
365632
111551
896823
322375
820012
992101
372266
536538
799573
256518
382480
60943
416182
353656
522906
619561
81296
379607
764765
583024
186368
67054
995370
693438
844914
229767
305332
677878
542751
216333
862011
976594
796614
339323
167184
703597
353478
599284
887425
340577
418920
842289
34094
963331
11582
180093
38833
218394
491891
579219
488763
836827
280422
168941
398904
490728
946326
720631
351384
659538
152105
552517
801977
269312
375892
810552
137429
873456
112591
123481
351045
441847
166804
492317
694216
966167
960196
426216
989494
75927
833519
273089
998431
34444
633985
15136
190359
284938
632315
916479
138529
571900
768845
776462
397727
905076
938718
675344
85999
948106
424964
815162
587038
351551
130532
393571
239735
68589
862602
650590
253384
631700
457684
659655
129484
930326
583584
54834
927546
739434
823021
168345
309907
384524
467683
49636
717426
889561
774813
430378
322098
956608
933050
814753
676680
825905
331793
584390
324197
643125
449656
204505
545342
930804
263024
116751
325799
489610
257071
675209
314633
741406
629220
121481
234197
41368
36860
271279
437989
381301
719701
869996
25847
676034
96805
967937
417594
678649
674341
907313
415754
568856
875630
359701
168934
894887
390232
219747
67749
41357
739302
882606
578347
920468
96978
841292
10924
575916
20438
619361
620727
61362
20204
865109
198605
889849
893850
257277
58272
704814
836225
167578
650173
522743
803010
774309
1474
581930
533378
182558
358276
952313
815433
616757
399962
735290
752422
823094
156127
731578
677790
818594
56229
173579
597168
285122
859186
477186
116784
540372
903775
600593
591012
521788
630207
761277
856699
140242
202890
522363
625212
794607
456396
702647
69054
470951
421619
871924
649639
5002
123172
984335
736695
745655
623527
410925
499084
644135
221138
945084
126201
178577
359265
885738
714493
61514
202034
193296
576433
731786
809264
870791
861722
449744
743711
800822
36095
619546
703106
3327
825147
998352
527320
246920
268117
629515
221095
871635
709563
872961
586121
434188
383636
408767
752980
792539
42349
37595
382595
847941
450592
599011
113322
379244
826815
70479
859339
984032
437589
931570
332322
918380
811875
153931
442631
951056
883664
94789
531943
967439
179875
344443
221514
34110
182057
605299
895755
211054
677730
154685
63453
796767
930727
936927
150427
992115
369233
450229
687772
219522
10837
163588
957806
678155
591816
683878
990193
601711
238634
103255
19602
781035
730500
419004
961410
394477
328463
572649
979841
245946
197070
966144
156677
577514
379035
345851
377599
127470
497890
136084
194625
45097
342391
360964
579659
44183
522210
322768
735990
381618
263609
623387
403058
203274
455810
247766
855623
250788
142697
511086
592393
275458
125234
783294
770289
853528
91924
826641
555639
950644
473576
264587
645506
724939
429060
524561
423720
134480
845723
941868
726395
501772
325451
321661
527036
318093
901880
157018
94930
91253
392443
859493
263453
582691
600573
271272
982661
514963
451081
343185
607337
4083
701866
175496
476280
347150
259111
323919
703889
307527
978822
32486
201930
651176
185768
503258
690067
297052
745241
197201
849448
504289
964492
743562
353338
782879
647370
822745
577293
523040
683254
842783
885858
692720
953834
351895
665774
992380
289818
311455
680121
586620
86493
599035
364346
659926
5330
284745
887659
55009
344564
804746
554146
719983
326317
254331
658551
217845
124330
587843
228931
983785
418434
805526
814744
215597
62858
932618
476396
61635
195614
676032
506092
720471
892691
266492
617318
448297
872788
49432
272997
414553
276618
161728
798746
954341
87941
207088
197501
794217
840519
906948
3019
168900
106135
121538
619660
409484
940528
170507
522096
52832
554563
19418
446450
775270
376369
127353
257174
701014
385362
365468
560650
892363
382001
228459
752726
77340
926527
862038
877197
275694
231186
226050
239058
125998
79299
853643
829034
368457
609247
480406
476121
705104
14754
705586
217086
313079
832268
904889
347101
949044
593757
330005
324019
237404
914933
98806
401451
862424
407599
378579
248809
991831
89901
871287
519240
859461
65122
976691
987728
941251
512331
999534
26666
399562
120169
356145
195136
476627
667139
585114
586566
668175
744237
823372
290605
473065
969830
125846
206267
721100
667564
791412
664002
68847
664678
59385
837311
561929
613698
227072
484331
188535
594308
279624
637946
224865
414024
893928
299139
227383
977430
248099
604782
989207
822715
406596
914265
575638
155879
469671
715567
162267
78245
490013
371374
890953
432529
427414
655039
869898
192531
502848
798322
701978
492871
632757
327027
673207
131316
773192
110787
391760
506362
317177
91087
467934
322732
894878
161952
914446
555845
996115
856044
541192
260405
129766
675764
393063
634126
470599
21005
133971
869306
726374
187485
272596
737257
893933
336222
983842
277574
324448
440671
950969
187823
414696
464329
357074
301998
326749
243573
874682
388098
11849
374845
432266
326050
578911
721469
176421
195971
522399
339471
2681
87326
116337
193809
628747
313383
968524
178622
584146
286667
753517
534844
504114
993790
831886
249814
892298
604777
778621
601799
294883
554160
519480
606398
616722
918516
339628
253798
539899
517982
617534
467250
421044
125882
551468
438312
829964
576595
540748
701127
729519
27148
593196
213781
80215
386989
192525
736201
798783
382435
35866
714070
291811
162247
897905
458180
183378
446252
984463
679265
2867
612861
117395
884268
279150
154015
450528
202633
573067
91108
118353
970852
818898
293953
727848
166225
365392
52946
987708
681037
596737
929014
356530
827203
764816
294808
108545
595833
258697
481749
650402
714920
418336
925708
224981
868768
546158
623191
226492
495167
896221
376462
415222
195423
833951
840742
216647
473805
415069
637900
985
116904
465630
851877
742448
480180
647217
251865
590596
828926
619857
619734
638587
717164
983064
483385
926948
641605
761801
832717
596239
676014
197340
32432
731732
394786
539100
792988
549639
277457
588054
112857
163191
68361
976325
313670
238932
507861
52540
313152
177166
23560
771609
375447
827137
646937
776746
426611
896096
42962
244649
644125
441812
185752
936137
564968
730124
643718
226333
466006
354036
141891
254544
660596
511202
350292
671753
5870
689315
528409
582503
307078
38132
904943
955058
620221
274464
843828
911497
680936
208657
265368
115944
32832
269855
27470
948817
569057
414008
903691
415548
484187
613852
375212
704613
206784
156012
504156
486153
268010
97769
872529
814347
918761
493991
806023
15632
389605
865135
499947
769786
451221
106092
148181
938375
39731
927245
1267
90854
336776
46211
307210
80087
258178
278208
643458
350019
363489
881293
336083
736161
410134
188333
501299
723137
919822
761327
182203
573802
848420
543015
961042
273364
773039
226383
184069
483185
983655
641463
662805
716859
585070
574345
762700
914222
335802
61291
246027
983804
819983
173744
680000
123340
240619
83962
746302
517860
275500
387173
788021
820684
116298
423128
945344
944146
553883
296240
957212
97389
206361
64139
310402
942675
2039
704866
268369
398474
208425
865883
179043
653523
315044
947723
199500
479059
905846
289410
385446
371636
577108
735557
316749
38625
98384
858219
371459
437425
723755
417016
76292
723128
431089
689785
901501
166801
341592
198215
999350
858685
823161
436388
805750
512468
441700
296719
367849
429301
360186
627778
835816
655168
740388
361277
245622
548017
265574
190103
207948
896210
69605
930610
174751
190751
543982
408354
800245
631813
5980
806801
284635
292830
262566
17913
286788
768700
531691
255539
801752
189638
149776
548894
544520
283819
624706
882176
535743
883878
794387
696130
216809
250265
310617
950095
539905
311876
895626
924811
572231
582146
351272
409362
473888
167405
191884
949518
380708
252015
273205
572304
884055
424488
266860
178443
711719
139266
261442
471736
338761
2743
877124
252128
525556
324270
513378
872204
932772
321363
450887
936299
237273
761117
360655
34176
520471
186945
254385
622320
519486
470668
471618
202648
838332
779938
825953
294093
541193
456099
406587
606749
138671
846665
879436
427468
175205
624836
492689
771682
255390
285202
984077
1604
70481
260459
282328
329474
728844
59842
409504
247372
36941
223104
610179
255061
277326
769925
271440
489055
249980
71514
121849
66089
414211
585515
555731
653555
263909
725989
832039
877674
471548
50648
867150
916757
999042
210436
906235
23460
287542
446217
671138
688756
24532
24829
503430
89972
576289
927571
778226
62877
446206
462000
135266
404111
286972
657484
297955
216257
203240
620090
825198
548681
890698
953128
946874
147671
206643
25635
907728
525752
250182
943190
378297
258870
711125
252614
552760
551601
466848
992991
101823
556627
973933
372377
868640
94422
254400
288448
510299
536233
18143
9936
975680
278524
329100
391570
831757
605658
127118
855513
910504
155177
489433
606050
132553
29439
125337
796786
506738
142232
490858
37382
681991
343857
530961
224187
574777
369223
300053
280870
818384
278739
560396
653209
657599
651802
271905
899899
678399
318613
540482
932344
562515
416314
330484
616991
408597
54871
919084
840021
481792
213140
62209
900893
33430
386690
274562
983704
194432
401291
532134
383161
871336
82069
237534
419469
877042
97325
610535
684571
370714
450076
445371
865361
923491
308110
537681
528600
3665
130688
412728
599593
89327
194664
4423
821231
914533
914989
277855
813785
862654
978325
167310
83564
547879
371823
220904
634623
419403
698517
467277
389690
282752
357053
697826
142714
917452
228876
68755
318639
338871
805417
678095
11716
77150
605296
657771
197690
476472
606203
252027
141938
878716
186367
800790
502182
80667
794759
779005
327049
525565
175928
930585
369879
382055
402263
987326
379091
348383
47079
608439
203701
55160
695788
861731
766675
715392
740828
252660
292153
663100
419402
677429
516001
575258
902229
43716
793366
595712
68369
477901
547398
895948
40721
670287
981600
628611
620939
752173
517729
258374
277340
285362
880967
823153
744253
66899
841503
3597
136941
164676
649011
578909
417218
510693
133490
855820
595077
764828
991555
90830
648328
882087
548647
59704
946382
964150
733258
500379
134205
492245
892260
180476
795855
851356
813397
919421
405091
967837
897053
82907
456900
921234
464253
416315
594887
355971
431046
885612
282300
228376
292893
812244
215486
224115
600571
115003
930940
863437
456306
125953
971746
31755
137816
742551
47256
670473
722351
914759
776100
20376
445072
871212
895375
609938
192555
431754
879933
434688
330298
710992
131230
269600
315322
914135
373701
883860
364851
308182
267285
376025
430915
497904
624243
16404
100652
494848
358056
962481
270752
788876
166090
755229
741853
775427
642881
420208
473394
173990
897432
671068
550332
381913
317287
33407
43056
292713
496235
679490
675286
5717
270410
881029
188624
29717
391988
770395
848474
341519
775031
582858
606725
607175
45845
700443
743898
360941
42847
319238
701462
383917
145237
551926
488196
405439
735727
818750
840491
256020
281471
159017
687167
605430
430712
652377
301343
649508
619317
996182
739035
172482
233009
622815
449284
609804
158628
608905
846008
910961
55824
509403
334304
262511
966035
306486
399588
819395
327795
885883
873208
146048
671691
561231
144582
526259
159381
658693
292054
891913
825180
741974
161398
395615
320154
447969
869741
591828
186495
347368
314087
408208
225632
720099
65240
742758
702178
717481
853742
599626
156109
396510
864267
973152
924545
767450
373175
106601
651155
64498
891774
781810
901136
209432
963529
800027
598443
179679
17136
169487
869326
938849
36980
757903
915828
359397
107042
551512
708698
476119
546044
139340
276113
856721
11849
601643
813024
536893
300355
637104
703453
985374
43205
128192
971773
990377
241176
830555
3575
478398
33140
822156
548449
65009
948918
50554
443128
339348
91706
524026
544385
794788
581561
493749
36270
642747
264589
322696
215366
256940
963190
382842
309997
719745
381786
478423
943651
918086
166146
99583
92099
106190
74860
25694
806557
748618
363303
647278
709953
119655
22216
350051
849207
275572
574123
985513
651432
729212
898340
544424
230092
961768
244750
264911
808633
23119
873103
77914
705431
962707
407164
313970
654134
18886
950756
338861
419284
540388
528002
944807
646034
97326
556168
805506
730106
810884
468776
325471
333828
489534
20079
923891
475137
561867
276057
891800
199928
350492
320154
735540
448315
961758
908614
276225
569042
725358
133278
102157
316003
947362
48608
884948
140406
245474
23541
945958
724698
578444
924128
751485
437399
693930
97727
855640
731560
386205
807617
811584
473910
498215
548793
430578
818326
950510
846155
707887
804080
639334
483938
926164
204157
524781
637398
433706
757519
612694
58017
178086
770962
882497
550060
316005
660469
542527
99256
743892
339512
617406
263706
52545
883201
262499
19898
258721
348067
9795
69905
120441
873903
394789
386234
265857
795550
850214
901561
814105
399948
377322
497956
312626
448561
864824
753097
163920
819023
879050
593473
869679
28079
830056
659711
400322
180484
397201
427756
575109
281267
914394
127332
885514
473863
570441
679840
886418
420889
475983
418804
19792
965785
38113
242445
594661
783183
913175
756954
40268
996019
245229
863524
857697
415280
169731
801507
219863
94888
358418
208702
805768
546481
170723
23233
661696
696585
358676
232112
958561
562312
814356
494391
568930
134370
182828
469744
393043
28248
905284
424623
730210
897526
609334
680510
990311
769022
199611
141813
576578
83557
481721
971008
295455
694253
53208
11978
574745
161725
214539
612179
796035
276401
691271
317608
826241
85368
967447
842633
658530
751110
783457
284254
889410
75792
203077
784836
120780
805556
843811
552659
133514
831403
323498
497361
522507
428667
538638
451487
828725
44434
332262
140327
708766
619573
504354
290432
545955
33749
30042
680284
384456
972112
292914
636526
264728
16203
626288
555790
630804
536660
658154
229235
579531
333007
568284
217046
27496
820836
183007
734194
259083
212726
557594
835936
830662
267724
630702
531938
609472
981948
302564
706519
277950
589293
405051
707561
477616
870738
840121
999924
616261
594072
766938
329753
529028
31865
101461
366042
827885
180139
339443
553093
388199
346861
916395
410364
257828
25220
583835
297491
767264
28032
93041
232311
213921
953334
925766
466407
259594
981805
214155
551141
555904
37125
939939
715781
673362
639341
624660
883831
607183
460705
869117
138015
661008
107218
94287
201188
718562
540419
161591
413431
898182
66156
988516
896086
85358
474077
400811
201490
981139
238819
209133
811128
94412
557163
327053
739355
221103
514304
446501
106726
489249
907677
37526
876490
285824
793992
207017
389954
313704
525303
76046
566940
404745
282700
725698
494970
865692
393941
963213
751923
621869
139205
962888
517737
239185
447733
73380
280887
946314
382375
780370
865552
183588
296240
313972
805934
834155
94078
455914
908688
993278
582405
822590
895235
629530
558911
847817
536795
982364
736548
89614
586642
700591
101720
827845
915529
491891
858706
50426
544124
338396
426099
380662
17106
68684
371747
382034
345615
848368
404035
302847
783485
137215
701053
139575
865336
783062
806084
321631
381070
654051
111218
822561
571867
31988
188679
962676
751914
872996
650958
450389
18029
66083
242332
935266
237468
200759
493173
690219
295417
30554
310722
717732
828363
83691
440881
556200
102586
245764
226555
867072
257371
228602
766205
453650
156037
703454
207103
183562
799627
360371
678308
657267
624866
940782
816424
573501
196122
298778
186113
804130
556609
52998
266477
162356
607419
577728
551205
214369
504990
347733
336141
373082
307011
794123
598848
211436
192742
786638
29852
318560
618681
509899
843208
451817
415422
253780
564123
510306
486832
886380
432141
275933
201087
843523
3888
63041
940783
419753
221158
264467
487186
149072
179253
974379
977445
334858
98413
527779
865162
504005
612015
996364
509889
276527
330175
716989
10596
461623
795617
870237
975652
164222
835450
908505
230608
24291
376607
906056
721949
38915
54432
247972
981269
347274
351204
955757
276
519970
372929
436117
38104
386392
393613
282268
831437
464320
194491
422164
424029
365054
891521
152202
597122
587545
489589
791882
271244
504098
973177
347934
341591
540445
538160
68421
684125
299008
736142
340324
165013
234578
601336
522779
949265
812112
815275
79403
761817
537842
907023
589531
980106
240590
167848
546702
711589
111781
462452
967810
93068
644302
688255
937940
885788
286644
752004
688943
538588
312766
241864
992553
917417
61160
799294
634457
920878
46253
887619
414147
845457
691608
140177
892942
96652
862446
165161
722847
727991
513614
994381
336257
483631
492702
330502
209153
545211
532262
667568
540849
637033
402985
31053
461782
181333
576592
986212
863962
316408
834181
433489
215131
498297
274114
354436
672975
634610
761133
30262
464656
183648
996002
343019
159661
476036
112653
233702
717276
593084
788531
115696
384321
254094
782196
715041
523740
369884
561951
371235
992936
724121
761811
144324
491030
88437
7234
577211
264072
878465
893515
496231
480721
287375
854830
476891
687253
385310
841809
753973
993031
272440
216150
249462
246565
797826
108402
542416
8355
781043
718308
732005
801073
959882
187763
903616
145714
617833
839850
139282
888412
927719
219165
452522
739383
263065
137064
145123
365761
396870
178855
892521
844926
860585
314733
422834
748913
877753
560768
372944
363925
850967
149772
52475
940411
637738
840659
62051
651334
466650
103774
130207
316235
845026
730600
378492
106840
657665
515495
899444
538631
179715
157718
284239
151249
644897
768838
690451
925552
362910
136188
812290
487046
117266
703378
137650
126308
342938
942163
224179
396631
488512
201316
593536
833651
294998
303870
395433
678992
631288
474336
615638
899754
471264
123143
239519
952193
345357
319611
607514
275015
898674
438939
55856
94197
125942
976604
446086
784930
468869
873139
142226
91469
79931
952924
55438
730783
823267
277989
852208
614816
750465
401387
330307
1087
312146
471552
7228
793035
365304
140048
998684
166760
65493
621952
833926
536580
840611
665848
881415
82362
588715
988630
920730
141092
509754
977188
148817
66248
333235
433880
580425
475158
618951
382876
682651
513985
15393
951113
665952
794061
435929
73045
599717
49856
833340
627424
227385
763201
548258
645798
519198
538013
785746
736956
798837
641134
281586
424288
264790
609621
837966
721883
400381
129080
903167
662327
528894
671796
739771
261089
526042
932323
100512
302006
457785
567325
922135
123817
849014
980387
551265
809755
693356
889390
399333
113286
73542
946749
339891
930355
313561
72006
821282
704748
717064
487908
116633
812308
570143
581319
395649
101630
354348
534989
404486
704175
453421
169340
506355
945251
414927
935607
175037
81993
588060
598951
135682
795435
704209
757029
789048
204934
670498
453126
901783
71782
280760
379256
551644
948834
912000
317397
332157
39618
964052
911849
136570
872136
11518
668249
54976
154474
920007
938440
637432
178260
72579
181808
265901
521372
725365
864750
646767
799830
988853
487490
837192
897258
912497
287192
901344
19323
379334
998386
563336
685662
192879
554749
439102
686388
132726
916061
15169
342772
513366
255316
969658
107809
932293
90596
949613
865859
554939
837876
460953
47593
152463
583656
261155
204360
523064
734070
761854
373522
206599
447211
638689
697437
814332
801551
851825
583187
722422
171081
870158
482674
855166
731327
437784
859522
500757
642502
780553
814060
540375
524217
468480
371285
558112
991350
869255
326392
490043
100781
346828
231172
485013
470813
53044
205054
237333
403797
694391
929605
992599
318172
405072
299314
309142
812975
947240
371837
944595
376836
822365
722531
845130
887149
219980
998251
245763
453088
437376
585116
159688
136798
5158
939430
244541
462245
649291
551192
311940
212384
941286
576019
768600
299098
699920
204071
831799
491206
254816
360911
375183
319486
241431
436349
539676
249654
161226
270497
858967
929533
37044
540803
120472
287541
740352
155626
311727
690613
60090
1201
315158
435779
757724
188699
227949
93876
426639
427968
873149
957791
664235
398324
81075
141457
243782
190879
357688
173786
283642
353438
412681
921889
786390
330388
203099
840996
165435
671591
504688
236257
593292
264962
825809
12215
92628
19223
59647
536952
936095
113017
929533
975241
798144
946819
461009
433840
238862
975202
374260
942949
112994
55575
888040
461336
8548
436709
299814
860981
978014
251264
976381
486264
723191
249243
811795
428482
270180
89350
144722
396182
296491
814596
544131
54564
748886
967503
709393
303503
437757
722153
83823
184324
931324
106380
732138
640289
269004
96046
925790
926185
985266
486178
636147
953740
447159
783364
972058
434635
764086
263651
867705
198683
944266
654854
176991
639505
199995
478174
722969
474420
265053
722527
200263
416455
179201
452203
634431
95041
667098
833826
594931
236682
20935
135362
685969
282457
913924
791561
212091
4061
911785
161420
942320
657982
287930
85927
128039
997430
509817
55026
602379
151579
784542
191865
444488
354643
589873
374640
529127
638017
734813
5702
704648
269688
562668
343140
714326
354659
538614
636796
709156
924418
919446
802288
195424
502863
241640
539459
357388
123520
295555
693605
386834
55459
397565
58074
685027
247857
529442
250219
937741
627009
288179
645677
140587
252086
515813
842750
446742
198841
521449
28587
516332
795420
328628
619110
821620
913006
316549
510203
627216
825709
535363
760914
93184
53222
549556
905778
745644
920080
834386
454784
857698
338656
916606
210810
30993
112605
274268
988788
791924
510275
716502
871041
416707
199694
686342
399881
720093
202827
189446
596325
679530
978490
346592
573347
498543
143182
20171
12491
630717
799009
496227
186086
821709
232575
444027
894892
379880
147955
553039
669481
405087
291592
621717
318714
946068
551857
549021
539292
758450
861077
524302
166306
5514
108395
997640
734962
452431
493702
3228
934055
217758
62564
401179
377678
306845
340192
952443
960901
439973
377357
412380
188174
537420
611770
844102
450510
284751
290490
595112
497525
515260
556492
718911
963255
988497
809501
538144
157945
382590
477626
18244
891662
382575
739379
833559
430391
943683
23568
240963
648866
401032
893116
422991
125615
162588
313926
130888
635839
729792
980494
422665
800153
983856
898354
937981
156122
158319
341140
859005
766490
520464
774275
914934
83217
284494
784758
870144
944124
44532
768959
691623
861113
642281
401623
658081
487221
720627
708482
312248
567183
81692
228989
393306
139584
240691
530218
717195
802798
664204
756010
405408
441825
469050
599510
718622
422971
618635
859434
770893
522203
768364
594671
620494
422728
9629
955194
708568
192611
27961
533471
713403
621772
883028
116758
288287
588093
943269
497111
143217
934233
504017
748628
90279
898507
989857
980762
781845
469016
707919
475523
949258
658766
568497
627228
492540
975379
984475
412177
208229
949733
443824
266476
919048
464147
306197
805351
948897
48643
534697
447922
850684
56559
627688
333622
74065
40744
478425
364186
68520
563951
26927
55083
21901
865227
981846
119342
557322
374078
597159
34112
952924
909586
637787
519270
842539
659232
551
84614
205010
972032
3606
919993
214338
206067
536662
93789
610811
354610
253118
396575
551118
218289
490323
280254
227110
672494
934553
14001
664975
242156
585162
249100
431953
561156
337822
236699
231599
292931
960354
568018
864754
993474
713886
959462
621453
782322
560570
300559
568522
777607
784319
682213
367046
601430
196652
40397
133177
226883
488396
556812
564628
479228
101236
639681
703489
171139
804899
637074
514387
236279
683065
16085
361436
472917
63024
5384
161651
11771
560558
118730
598291
805171
849289
465989
340414
404613
173972
188165
397602
392621
998452
89494
258311
20860
995341
188006
568161
308433
287610
813294
354349
786620
55278
975643
8810
470043
917409
75700
581106
184275
377257
574166
997031
219092
138191
173471
957740
603950
992460
218599
938723
829388
509678
952386
240892
281342
835720
889908
353495
829095
638385
704708
108542
625587
14750
530769
220161
418022
525278
824507
190425
385727
595025
118713
349973
133002
754722
793085
94794
590935
943353
348933
26196
558075
92564
84664
234128
8151
244161
707040
421650
659027
532005
832786
591171
409092
706849
724798
599820
517667
725518
998180
907646
576513
31099
756177
150478
275056
28985
47942
130014
203043
337797
537200
135556
6538
8405
138012
361105
111167
719678
878810
324522
474639
727997
114974
104720
504831
884799
381222
835261
741083
751082
394626
540890
824305
866149
497985
114934
938237
950574
429316
639522
996421
484263
315108
978687
920747
665308
175751
963884
253257
105449
226256
662442
929282
782725
552648
602576
673744
266849
206458
523415
656039
148339
617425
356025
240664
796628
901085
28391
107779
503023
148245
574744
898523
658332
400051
625221
955740
747450
323116
379181
493477
529291
545566
210330
622176
924857
25678
650940
272235
324165
992129
628581
896027
187042
483496
586053
675011
131904
496167
623329
900047
74218
351285
92144
199235
820930
8854
189543
608061
803855
833129
448173
35628
920336
743745
695914
320959
246751
186252
653345
148079
596586
348194
524901
117412
668562
685332
817422
662501
857621
951626
276237
74939
792491
850422
177005
542879
545267
513070
927666
722923
817740
841965
751560
208001
406189
265307
117773
971205
982092
874578
550923
14328
985098
875533
626600
82341
940475
494720
506020
961880
989688
266759
591557
536615
238347
693464
131328
449608
473143
8086
209687
288101
255207
430170
731467
51465
460203
94950
594638
279437
40616
32287
481020
411217
473834
23317
537357
132738
265617
957650
372917
994939
282744
199154
628382
945670
548616
655394
548218
162145
846196
843165
680505
857443
967551
553342
648587
244546
503453
720262
981534
140136
627987
977887
56173
152804
558567
780701
534790
874239
433148
11733
531413
819513
936186
229952
821913
753890
922601
774673
476450
356936
244100
194815
613618
11906
198289
291496
877013
128684
736764
196515
376592
821096
511849
746705
488934
87707
172590
596673
553510
888233
177084
507999
471430
900153
74123
287060
264597
795550
33105
643044
284326
850922
251337
736917
336161
650096
92866
470414
955470
723394
137750
608105
431525
473762
260363
601879
708068
295878
904302
784158
347685
59139
43627
130604
47289
945437
214508
815025
972287
930311
918921
213983
278235
325248
865320
505388
317784
658875
903837
766001
741809
495224
297011
611522
185614
637349
289016
292566
819385
766761
271145
444982
673113
535905
268711
614376
807274
749414
625525
321093
87635
591085
535780
987051
673019
261843
490234
111681
538350
615327
718645
186047
32510
645071
98499
123221
276119
897970
412743
211900
421759
273258
762069
326318
540765
777363
764512
215902
760235
957205
271825
934261
160241
685350
537513
627343
776958
261718
710766
813414
577476
350230
606565
432348
776584
233767
607820
847687
352790
876502
727421
648149
416833
782775
198590
396782
845049
766508
501650
783020
578783
490029
307413
506789
722079
555537
103793
570343
73859
961483
704169
633596
596402
467228
151536
634105
904431
576158
991715
262477
836599
217664
176691
552083
699480
128515
38443
963098
39942
196256
305569
138463
932991
637241
563334
89142
570708
284156
697258
649510
36028
425713
185356
310068
37815
423026
46827
707170
246192
356924
594274
934947
715926
572742
286301
74639
702944
784529
58071
73488
174414
921570
190774
937783
910328
578550
242150
557119
276628
501213
269692
855872
296320
724744
674880
144289
48135
592792
808530
689910
583930
316097
98481
307885
47445
881433
495350
681022
219057
641436
993668
609732
1631
377507
379007
166551
196726
932433
944648
779381
399247
515582
159209
412404
942333
650785
485528
286176
560141
234224
92788
322756
5923
482783
799833
946252
633852
36043
179619
963490
750764
798831
703773
443149
524185
633197
798245
690369
154832
747247
872139
231502
165658
850531
286267
646414
397142
279777
686939
283406
81988
191291
532158
430443
91143
955674
837362
744771
408780
265909
11947
730124
304780
570268
918737
624713
180290
625351
564120
337897
964524
984104
109727
87214
858220
119503
206995
99114
439410
529587
565010
290178
153129
245334
300543
73468
79706
172175
724122
11716
866758
527186
374459
127441
589364
503634
826897
26141
197226
526657
749063
104767
351069
327058
7777
662706
590893
525459
17658
142564
91285
431949
107090
106625
751528
107177
61211
591920
959109
944320
940835
469040
314390
306410
420653
528016
845153
256176
544823
599923
263569
644942
366904
972309
335887
523279
3772
485527
532249
85080
382147
400082
969752
902734
287600
51194
423182
663100
783084
797158
394016
412965
444290
715204
709734
436069
323121
471376
558924
484226
41009
917732
565978
66059
500949
848483
854541
380166
958563
360698
72215
881576
968047
657232
38359
130411
554331
616141
145820
540302
916774
330523
945616
356430
500926
518355
343668
196875
373248
429432
394628
918830
416199
596571
421600
955036
645624
916271
207415
947565
352295
210986
832223
508455
575715
470297
211278
626040
495775
40510
263412
811324
490914
894057
678431
143217
828796
760236
274039
599117
247675
797516
583302
429648
669648
66716
477503
481925
671691
613786
764077
692537
207288
413531
346565
718448
61938
908198
505842
707487
192660
886351
579791
881491
615214
245644
523229
352587
504755
695366
715605
350336
383100
197508
620617
877526
24085
948749
748256
636791
508590
119385
209384
329841
102354
39723
643350
812000
646661
746564
677821
104228
307626
554048
168619
496170
725986
285710
723559
245532
4266
868344
216821
426804
628798
178580
688953
428083
764141
267160
689054
703668
384655
70244
24034
756159
537043
104484
464912
222798
470791
909159
103436
444444
168055
881589
287206
105048
177219
882658
509426
783222
497421
698264
831739
38349
827286
731723
73849
206880
750968
734412
829638
414983
350351
991592
505190
89006
631507
669741
381318
462843
143521
303251
404158
20950
423467
487387
643538
238883
48153
437381
308045
50444
705894
619224
319562
489823
315309
313340
251838
269800
64482
213832
446265
993386
647972
485651
290875
908823
395083
370114
138727
381422
825775
503719
898437
668066
440971
900636
580949
574250
186485
465863
243737
996159
989946
474851
341445
206282
424840
839005
358993
124861
252093
371407
823483
624755
395704
940222
559622
893163
37331
976422
453043
941459
107925
834999
95103
360729
479024
469553
253359
318874
920851
291425
159821
920259
390610
145793
34633
652188
290854
588637
414986
373559
778873
398601
293507
78472
311212
44802
67038
958256
885779
723472
699411
532475
422696
31393
249837
895907
864427
430675
740569
255826
480092
600351
179349
675655
717948
824366
729032
168603
695873
214568
474031
702448
867733
378819
989483
997345
602730
697132
39643
726877
188364
623864
956801
276756
821338
963895
607753
21093
110434
825822
530041
506344
320013
907971
378893
719383
409262
702027
325145
917053
547944
913018
162310
206684
425578
776276
4578
557782
34390
934789
974276
341641
131899
367215
872548
387008
566084
757836
809822
562495
907073
624513
799342
383076
380734
320198
647200
883998
470500
566220
323986
934608
957113
820920
531328
244944
627531
379785
859781
261498
572143
661417
416744
738897
492286
383428
640740
120302
173552
62895
103599
526950
630804
611740
254078
301850
774913
92741
562331
985137
836349
319102
667593
305969
562262
487563
721252
225814
810565
505611
918342
144610
515299
465317
509922
843667
49625
86368
438797
163150
377075
994884
126055
87194
664800
377361
350488
142551
463111
384956
587461
624923
785949
565178
632629
26422
577392
958168
839423
789387
741422
543615
420755
243053
90957
694040
843139
334538
579946
237527
666039
710549
39398
70234
435920
475401
391535
386919
824816
505625
895027
177093
229474
310182
408177
440805
690210
588315
105180
484670
215739
899480
995776
919048
212115
118626
538681
350956
974156
318433
179746
768461
729100
863722
224612
561501
56734
467802
293810
281571
593542
398589
47019
259009
767337
203574
120482
103923
966352
738682
978812
425002
886871
707361
494764
348973
891323
407535
551621
187232
546802
638028
613447
157773
627704
162242
594830
895509
902892
414659
782173
347481
653028
486891
543804
332429
752492
889961
538761
323436
840076
720502
716157
547311
325594
161260
185973
45270
220672
413755
108712
389626
905106
756308
198786
110667
622894
457451
985998
138652
129306
983412
715062
866397
961694
914557
12776
377158
572468
363226
565169
38160
455406
529476
22824
668753
15606
348380
636461
440485
794527
243021
502354
23641
68553
568589
900371
515909
749254
354940
617543
822399
672951
520122
369387
426386
830294
296981
900710
331800
203072
139033
722989
312628
950420
688700
130439
854127
446875
761773
29508
546572
683366
988598
473855
427470
765265
591806
619228
419462
93506
949898
912907
895167
643873
66353
482985
873110
350254
928267
729110
632884
150678
386232
686344
54485
306976
828193
493621
90997
213625
806429
528940
949738
134324
245736
70461
569111
352685
589626
628443
138165
167904
347480
850916
422449
845641
451712
672896
531613
567268
432567
30243
827228
352342
159237
399926
805007
798074
495239
557290
778188
312199
865011
841965
560591
404047
81647
104632
922418
836036
481767
200384
883641
424849
610013
909561
11261
165236
804268
931185
199589
31146
245486
379669
567783
106777
682511
4307
685869
537728
954819
523974
481441
545820
103760
714011
63935
636726
224977
41934
707384
563343
328056
547630
450184
634374
997987
131201
149850
512586
517101
757922
796797
55684
279648
168863
500313
61179
18190
243789
989413
995462
426060
190401
222567
120349
172408
348903
52652
700304
380256
775675
808995
45761
962009
342777
408896
695076
420241
124945
681810
979312
346330
525327
251754
453637
553538
529985
965680
474283
839494
867206
498765
771324
626535
595260
590685
619954
569271
267116
1568
227038
29578
242594
725759
221116
223477
585358
714484
355354
376721
1331
242765
272635
166127
781219
257424
589460
189805
759182
480000
993391
255423
720056
385663
356097
48077
834123
40635
157796
675119
486883
531905
853524
254288
669931
869156
80087
646560
862015
533981
699450
930390
691038
514648
923435
674302
647864
95412
875809
74430
424309
311291
805735
130082
227854
887782
202769
852679
491019
44174
495988
843786
703143
713228
461407
590837
729928
344671
779460
77376
265091
417354
386124
865353
324655
578974
629529
45196
510648
66604
45269
744002
857734
65389
485823
636379
131987
877992
688784
401448
91443
870231
450440
215186
231543
968066
227527
924353
738990
39192
488241
343525
327351
287785
348145
309751
629769
115160
555958
910017
820633
858650
743017
151053
641980
520838
301834
98765
453490
456532
630575
143684
596095
661205
387686
239743
556640
805708
429975
834807
524179
203431
637184
620006
194074
987631
175980
482767
766857
942591
949547
57391
174947
86795
235038
129705
989300
909899
65371
270125
488142
473856
678062
673736
300612
204636
99135
659148
689815
814381
912595
665723
850656
184211
886125
753840
714339
236289
92343
142390
405970
375301
593559
789598
151983
917849
587233
262420
48927
579994
819881
487830
875929
388789
270170
837168
598894
875174
891792
28203
158468
14596
292719
490612
873681
795477
268798
949937
53248
247064
997690
641201
553481
303525
845814
156072
383177
516115
437789
111329
384022
152153
750042
31421
493266
171885
468221
532334
852225
977593
367619
630594
646428
421668
761466
109560
166962
753219
84681
532281
178330
683024
968743
988215
681494
578779
244410
919418
9978
44907
182183
834841
917570
839298
34941
83082
587499
337973
678180
384062
24765
58820
658909
475814
790652
642887
33662
799017
122614
812929
741520
682304
614331
524662
756944
718601
288199
702430
326884
35591
196589
299639
860101
168696
2457
522384
44807
556893
199298
475039
105081
618661
789079
337200
430719
954450
4430
418220
895105
713342
974490
796619
902884
886295
849590
677782
895742
14489
506109
877709
672962
624456
326635
527633
471724
699141
896391
457110
922838
480736
64120
27156
589830
138895
786553
610200
325956
465804
570925
359938
616447
978497
68047
200574
691384
770600
934909
993165
368802
798193
633452
564834
117162
263911
423390
