96784
569794
990790
120367
207111
762261
668243
831127
478859
150188
456477
167625
453823
269552
486914
192841
466356
683124
919885
620100
813423
987098
84591
571319
431890
716610
818839
542490
137982
736751
972255
616954
604664
393504
199838
861024
924443
278512
376811
739042
925001
738486
14788
203952
140339
815468
230810
432234
504050
296045
318405
402759
50428
456417
998982
80829
797476
903915
707007
267162
636394
689287
79795
287044
552958
64205
169044
84618
322749
516387
562285
214024
498627
489966
467850
987521
517365
952298
622350
219868
4112
860118
827298
791496
20150
146224
486884
256769
598429
207236
950808
73406
371835
711029
809478
293688
912693
945512
219326
160246
300509
656653
618150
834299
766865
618357
389248
776767
956917
33789
508626
304023
859642
343276
413158
516271
196643
254116
903844
364023
901082
725724
832076
5267
58131
819357
268937
962974
692331
646283
51917
295568
584036
902640
857561
290138
200402
171290
888948
462293
94516
917245
733434
163668
383338
318178
10448
235680
989893
511174
901785
119013
479373
968951
577518
917436
221078
481129
895584
449150
218444
325455
589440
658839
131834
674215
7546
529535
516307
350877
690059
556953
276172
827919
405732
350032
438182
659982
893710
254938
843093
678813
412121
704219
829367
836596
408582
629493
83722
899106
672413
826340
820952
352407
694980
761762
173715
433267
529238
541021
86233
274511
549013
928442
936735
52589
956711
174481
394226
196445
981795
12065
972792
678733
326206
443378
488261
769615
49882
116141
540138
323137
998120
202150
392914
615628
937325
953166
389058
188933
525253
413231
407198
738255
514014
942696
851637
507921
219
536284
305523
705518
881921
323920
484028
154633
268935
779140
70039
568190
697207
979760
299101
856368
620342
620758
153400
156776
411809
988777
758918
438462
699421
302462
346876
690765
104520
486543
563552
829692
449483
344099
222170
576395
582432
464687
958795
960699
22514
517237
131813
776055
720421
235851
566117
353408
966028
168185
91879
259530
909563
242505
419807
607299
726503
983873
301932
259116
455492
42042
423243
40484
631368
305835
406217
544476
409486
639034
412282
451400
68117
10078
726117
718458
121602
821144
836482
574689
919940
220450
857841
356923
4875
28445
131904
260107
199228
413839
91251
826953
197591
89817
872882
446944
24251
474633
53427
326309
242810
992298
61030
626224
391781
371340
680261
822696
627127
897354
41454
306906
971613
394489
148374
784180
498441
869384
815361
123103
354240
404989
978509
208969
952939
888626
943487
757921
832279
811916
40013
214920
434829
250797
183233
906036
136198
906241
951507
234625
276113
234771
6703
282675
438471
374672
557669
783507
251508
334093
968082
472578
912178
66093
364242
66746
947020
494786
228289
808238
984232
538902
359029
517524
454977
533591
571716
716243
2020
225973
837837
583388
461338
732703
425497
700339
495029
113983
359573
671603
454790
466648
297767
295286
800933
545514
836896
923016
753325
622800
5792
43243
680692
803110
619
290620
771023
336647
73976
868229
873147
464281
397478
267957
633514
419309
584713
170480
165598
356826
900322
754050
547471
18994
434275
914144
401725
351736
479084
148684
418803
565833
787619
507913
760981
152070
473912
148267
999266
485621
769131
87990
870559
182959
594029
769293
598569
108912
519886
668616
669166
886118
21407
888589
654091
242720
192151
83358
950700
909971
637282
288193
304403
201006
514335
563319
430498
467118
753750
61148
718218
323175
270341
18189
939519
243329
403362
445298
29936
434261
661891
502946
513760
111013
62093
800573
443505
764189
910979
435261
436720
745355
611801
463417
887772
622478
46752
890656
713547
531566
415485
796465
716621
390560
396885
623659
43495
722993
152946
374095
100364
729187
778952
129269
510625
753855
926869
289329
718824
638475
301711
350655
832591
780713
736735
163725
290565
245636
7746
830508
247328
610337
463342
279467
994238
266578
516268
466344
761292
715305
294785
832976
903196
62828
760386
655144
301968
41552
932843
826658
212463
117376
717477
119398
434107
78109
775333
279796
950120
483914
275790
451750
140064
748098
264204
155874
613739
771392
98335
246970
936300
226036
144426
740939
803274
45316
438444
613639
358700
809778
127032
114775
217742
549046
910888
95813
761786
517239
852910
471886
393194
428435
832975
434439
89872
430072
147273
606099
276078
209135
292183
228999
90438
108850
398086
587857
980140
606873
119630
112297
473837
659988
632097
423829
458818
416088
162462
205222
296010
307201
244717
705009
460914
564037
514247
505374
967235
4388
470761
72445
355456
406069
580884
818181
572212
397064
48186
252731
267186
377351
728150
672962
204421
491956
628767
428322
310642
159839
709958
26397
421139
220216
537956
392654
450683
322988
211012
979471
547430
878886
373346
520971
419310
216542
805406
593572
619839
843111
341289
775245
240457
676553
287953
938204
811784
599125
507600
625817
24670
278159
834125
336477
415169
580415
114646
327060
472456
398658
979259
129784
656452
302370
23180
447166
969629
211839
512935
263080
294040
70257
960562
610104
87693
418952
112881
288412
480133
883870
739623
645766
754191
28528
429086
962314
808104
193616
519221
63781
255755
652044
899526
541494
348264
933815
370347
449812
269185
34976
763808
246824
711714
662546
195325
74333
40659
822836
728797
412739
807975
579392
54268
7600
150925
100552
527013
645194
668010
656915
144099
815559
919369
59810
209184
329149
803195
400473
586328
991676
314379
857756
906293
217192
925842
370516
894081
132297
711368
207645
297454
24123
5235
558835
155813
967510
974733
442274
849594
202108
740193
960637
735790
223011
856768
217231
157789
260497
945108
792216
657168
203273
66339
705949
413166
588093
670063
908384
519601
863229
693133
666414
194611
261732
982110
388213
100716
99672
477159
61212
870411
620848
627060
437590
19923
291502
728393
303099
895927
138447
170663
518211
255955
776670
524842
296779
327637
710477
234094
658666
991925
417808
31903
590519
477286
428457
673198
146415
297868
37907
808097
342304
769195
64873
847350
469992
710170
213473
51094
489420
154086
448686
883890
263071
125887
540839
853451
563804
662179
19356
45603
214235
40513
2792
362426
958234
886685
599278
620671
814086
262527
481495
623267
26445
578707
896841
376359
573851
599479
816545
467854
241203
605868
489633
211782
180061
365206
299750
127944
664783
531807
646886
240275
528807
588624
251666
616400
372480
19975
32571
296715
751766
498956
979151
497061
510256
276460
332378
360581
303909
416575
810709
338215
539814
836413
969414
128216
596931
597336
761600
155271
576976
545491
717617
876036
102297
545434
722108
626861
3112
75805
405045
915885
397810
941941
642585
450045
792432
823929
657179
931915
561749
765910
541679
920320
339102
457027
931907
515557
602264
525419
373020
346382
579563
349457
833217
722872
611345
430069
135496
159349
726219
104962
895877
886341
294336
448758
262058
408808
398677
103981
742817
422040
597816
