197286
182416
686507
21901
399742
451660
717225
65438
890628
237846
301353
683031
285019
315534
511427
192790
309416
820770
276249
306952
121937
381160
897534
255886
434394
499909
405543
98665
178996
737854
747517
41576
711375
124704
155707
441286
698937
998749
263104
344039
771072
124591
992978
271388
562172
429438
468889
864851
865443
263164
470413
819373
566192
976636
509648
468163
757416
456551
25462
685222
822898
501847
670705
250024
389801
528912
23233
658721
505805
400816
399962
743796
639138
266093
665039
910796
495161
70671
613241
867337
849125
737381
224535
71992
688186
315438
968685
47397
150795
514244
29656
841181
263446
808613
649562
979208
251655
662737
795672
129588
